951008131922677832
854313265018306571
948881992496320603
923125793255739403
860698712296259614
972644003927457803
932338587062657084
655830754898739224
268444633145671680
871373343062888538
963907330712420392
983416853621797004
971813646806163506
933266139952345088
955371154661601280
895396501243691040
682369425395154958
956186309465092096
918676552441528350
949330183192727562
870170527283695637
907726543944552508
839068052682571787
206763576327798784
814187168900972606
973123298974105610
896341440089706496
949031103082139658
948581299956879370
822455991189766184
407168136530362368
955874518046482545
955400536662888509
889259363045359666
984688670407811072
958489883570221126
979024616917962833
938561403286093836
839501440505872384
549537481507340299
890928763368505385
889203619453341697
892436079456706603
965922941357400084
772288187636645938
828645028335190108
595071702845751296
972279565353357354
921901179036893244
421395870752309255
550474853698764800
987434440735215637
960172082065457202
944761387836657665
896826827035803649
739920124609560647
942942236230959175
962371312880320572
938672755950354433
938090741605998653
988516602406404186
939242843900350504
979946857193177088
914127349975494686
722319956171030569
841944714184884234
946151817862082600
955053014660550657
979338607896703036
188366320402825216
916971344766308352
981230632472563772
953279508356689920
925990191515205682
842828537123569695
897862003702513704
924390559966199848
952381985714741308
822006716535275551
952253717556641792
382815468617990147
920007098530672701
436989899242209289
876964441600716831
593153911158996993
890484327027195946
927122189600292895
526728849086480385
985956980080398386
933967882038161429
913118644022689902
542636798267097088
966752940683558922
932054134054612992
952698428226437240
968892064781697035
840957079195615292
865537541468717066
400587336112537601
943200238053765181
526583570085445643
988417926312910868
943328475815739392
985573738617663508
982270006186364988
985691850964885524
980454116180504576
985289225681399818
982268443778773072
952983034842452009
972202737037099128
826734732192645121
966450795849613363
988512451039494215
831933555961495563
952306084608106606
965977452553838632
968503304877396108
959847499751886898
810421942615932979
971665117496348672
940957633374990387
409993128074805249
979050188532498442
885249737991794809
927455424322621460
893422590876610570
982222983114399824
396718424555782147
595101813825601536
964182120027267102
984559224296202350
925361853096407051
976093913465110538
943389775065399326
948107909395513365
944000569801072691
954776715366924359
827522380355076116
971108718441803917
957373499322814498
885785267443732480
946398238053916732
607431460810522624
844134765220462612
942923017019850802
987361184292409414
899011656623992862
981202368463011921
956986912428683364
801914170421411870
915968327564808273
964998284609466399
953962455023911013
843982196594442260
594948621720354816
833851845281579058
934096319981699093
979479914350805032
895538599842439168
980883869735718972
943836824206467182
951392411676999690
923866122732847124
964590010085015653
930618115656658985
949082881823739997
767668534632513536
953041197599965264
836907115254775878
932291892060758028
492007246935359518
713470139374239795
945218366854025256
950944544516620339
896798946985386004
906924826290180137
773446145326055436
799060070250840094
672131293495951410
572623557222334464
213053629798547458
970334671999238174
465511479030972428
662496595375423507
585091256103993359
186314208860700672
981569475709124649
904483201416847411
939575849684979852
933639842397577256
953995006933368832
888330779699081227
901782271093272617
907783202272313394
659478882843623437
261231543765303298
693738934949380126
890542139509964810
968467177353129984
939605084252307537
827600883864174604
959878335012417686
763520032071876608
954772449508098110
971097845396570174
635049335725490176
689211230874763322
968650930478276698
961173464390197289
951074431902560256
970722071007080498
953759039181955072
904282134800371772
977241939403497473
505088506255900672
986347556588122183
927835112362606603
969699786250944512
894768866054504479
879524295389380619
778223185328996362
939476944196599818
872138121028968549
823944974558298122
965584549297913856
935790117728174080
885519229460308030
946886826705186927
236919751559872513
947295250878201896
841848653542064160
706350952441184256
978982042974978048
952543452606898296
940890298463158302
925927642581069884
224226985415540736
885094519996035123
342285010482757632
978991064637644841
562290269958045697
960668768210669629
953992603249016843
964270732861374554
829963646120493066
889606735709470721
836966621305372703
896078781297606726
762649537483112459
979449282501427250
985235405513310208
985853155780751430
938137299261206629
948681548364935199
949467986056597554
829643491155640360
976455309461688341
985139355272249364
938616445506555944
958635880942301194
812899209102622741
890784491038191667
949029860490244166
899649084502192209
895498897462534144
908595958491795519
832572752400744458
893349846105337856
452598502296649728
961243564250120222
177457784810373121
949965984930877500
961770918697390080
958455638399287306
947375128113725450
921913828374089769
421726458583580672
885255521806983278
701065995460149278
960253220846977135
977289476869070858
757069788353790013
949473298889191424
931885631783714848
930807977156444160
893274933331886100
910332597379420190
875741720573268098
812256300289359874
895116993794048040
842393189410406430
985290639124099083
971038188858671124
946194309277958184
888655777089347614
282897899090608129
933831688813957140
635115506768281641
953944998527770654
908829204563513354
939059308342149131
889287789508722738
836713397512568852
946872269685272686
895877594564677704
978273916277653544
844100814892957696
913855180972376064
868149359764729916
946982559525519371
968182519688204319
836977565809901579
928953069327233055
963543456158990407
840652227231875114
944337606508949524
884158976063852544
718965110000844812
958281605200363551
718703344423665704
983475287260028939
949798353070329857
958853158971510804
842124737235910676
889992000684851231
456261755664859157
985552616039792710
764676840882438166
974054967214223432
963018025034997830
867727649145487381
874997231483232256
980856349145583706
982178832813535262
444867726096465921
971169200380977222
961684210702250045
916702225831706634
918528336945381507
950099140296187964
925872297926070292
978298261578330112
694431381769420821
842071303275151360
905200518962483321
979196202610487297
970658627599859712
838002009797951501
907172872156483614
838016679287193620
923848717696647228
957998519602524220
949466856224350218
843236332524273695
987414844070309968
939657441203880027
475846692952866836
420447825860755476
930095698467237899
239275654531645440
943938245014720593
951048256819965972
978674179287162890
948340603857534988
917493104330833931
949805242621497344
850470077463920670
834012804935319552
933803958709944320
886357883313332244
230144913122131968
956407837037309972
857229921092894740
981585058295066705
927123426378907699
921020932573790220
348709931945295882
837266870431514624
951926482303856670
830771045228347412
827518207110676522
323874251549442050
829248469717483581
830510432476856380
883813647590236240
707653555883999332
464787985670340608
698940395387617300
855167537037705267
949296830301237288
903877804662325318
206663207157235712
950006093613006848
864624489571287051
978801317092933744
904389229361115136
834191673834864671
910192815634518068
939039921723834418
937321356008235068
938672291133423657
950569155554345040
772092100485185558
939513371550699580
939126226394681354
939056294776684594
938628427660009522
939468196803645490
939090411350269982
987268947411861514
917874576187326484
984857521015648276
917895929720352798
980130925948063764
914214241140097056
952496538968555540
455007616448331776
869946217742893087
887125971176673312
885675533495590984
877868553481633803
981545925833011210
949462746716581978
889128771142160384
963229536865091675
974393156869169152
987122513349853224
966198392931909692
965334412629774416
889080670712897576
950993731148976140
939480239225073694
928978683585261590
733749924331782175
915721844332589087
767807507779289148
888594916291280906
291798763801018368
413339324957065217
956649754949988412
746833579111088158
955543838045384765
942733125262405632
933845823714910208
934431727395434546
324067697413455875
568059517250830361
981889973819154482
909681673447301141
938099445902503948
738029912631541793
970201299129880626
881479820607885393
488015447417946151
960423295839260683
946265714774409236
820388020477493268
841726488343478282
986510692087652362
970622016929529866
843434566252494880
842537817103663117
690438722365292564
435554793436741632
899737023349391380
945689543519125536
911670753404014603
739905528884494380
961306884483190834
834533083444805642
945090659197550662
923328139801813053
855838083886088193
913770065994858526
900010624665395230
900004856134258729
948327775310348290
488863047893385246
975093275839049768
831941530112753704
939848172203823205
798248431659122720
452270141653385218
964179133582180422
411912821509455872
938174352732618822
918292646785605702
979864005256572990
979161022847926282
909717756520333322
934592133774602390
968479449924395058
951928093294080030
935180228194603028
779282630197116929
859401782035087360
987834939389128704
939329559600463962
949950171528179792
969509293898465300
948654895442038784
136564475825225729
276867209446555648
963338727952891914
922395782861168722
442338014832885760
924054464913104956
740269554634195005
950200895746998292
943938986844504125
884709410679709756
899971354642747452
979688081651286036
620770960324296716
968980551719592006
963600052272648242
839435696896475136
961958997391458304
793160416456343634
983648798930771988
890229985112125470
848151570151505950
832605881849872466
983797964252258375
730090089719529475
978983219418497034
452259260563324929
944159128304107520
936067933283700806
928224455879168000
173120299850530817
950920717506060401
951016537387597854
947894459662762014
873565479669735444
945987699389652992
365915277357219855
957266502866862110
357567838963367936
907346613125644349
914945915725430794
805109185343520768
961207317569888346
939219013072977990
381414997353562112
976993708304117841
949384406433423370
939622913252945930
872003839463653426
913556329463967756
518994837463105547
969136432465739786
892106242221293628
578136592162488320
422088492374294540
975023557300076584
354953462645129217
289493446501203971
339778868602863616
910150003769630790
939370928670908466
910130167580602388
903815059002761286
972904109541847123
940270880846659605
313405222544474113
824848239253258250
905470769109291089
911350399200534618
351059995250393098
968801137442578462
271699345106010112
928406058500751380
409707997183344641
881526374702137345
905591892257951765
412708517221367808
735529819269496892
939663385463750757
948535360474980352
945699119979196447
952195365812195378
949954987759382528
687325062952517651
956279764774174720
713968832997228626
893905996127272960
506759307933515776
907422638169804871
940813723604508702
965573686977507338
402124190561337354
942804748376113162
903326134278697020
902269074950729808
477290220262391808
542637610573496320
966654166829240371
700274980063019048
856193276520431677
443231562734239770
979128629936148530
755572262136053780
916303851760533564
703698258295259356
902938497420251216
944280623999221791
899471347409899571
958291295137329152
854026513766416434
258040424529133572
697140100244570162
713741671329955891
664913986965209108
900309049340481607
908683303010312253
985942165886734436
836456357653250058
827601751161962536
949081506356265020
710420526249541642
389076381096738826
811682853585682452
957785730946588734
802901598057529385
844618276872257536
906842203316441089
952873377943658526
826049304497225758
825314643597328404
271250982246023168
507883044678664203
899409314568085534
897504520425328741
937692218947412008
305637962320707587
956304810771112018
897531029697474600
950276620197978182
807316892904849419
947627454959325206
512676694646325268
968614986748420146
929701867594850344
848358086254133299
905231952460787802
456833445495046164
940343431987855370
948983253300281354
900048577701773352
909779421567778836
965560875996053535
985414864300302377
928183877518905354
397135292835954698
981367048238161931
913477268423208961
830399924088733727
913479473435926568
949767893078401114
812257328157294643
884078306322960424
948894257895321621
908810757515411496
940067388488028181
862378362650492929
959827084778299422
960261906222973058
909878440537255947
910642297400610856
899780160830730322
949953863471996958
949952146386853928
949946196938616852
949932360290435103
943261876664537119
942303120409640960
943064375600767028
905675303668563998
964158115442483274
512430138210910229
937728406236327987
948289223532871753
443572282791559180
886057543552626728
905479860158345226
980566481525944430
979410939067641907
401056917020999682
749496159969738824
903014528114106379
952435430370971678
709277736811888710
404104360344289300
404102532789698560
777859246762754068
148143601627430912
961926613367422999
492963190813229056
838334151446495263
852673895491174400
765265406129864756
908744376317005925
941964294667513877
975033224973660251
325362938082885642
984743870233456730
804055157389131818
933062287122636962
665679984161062913
965586211722887188
898566355660464128
982277292837449840
975541031435141180
812618678867984416
482258752909737984
921535281591627786
205376471013916674
933724284579360890
920605516122718268
957048938828025906
884875631081451572
983657489394434069
664258613224931348
232537390109949952
832536667939274772
968301559551258674
886160832315142144
826797785662619698
908145723349020714
910899665120133170
615928557075693608
950400112025288714
491446841414778882
794880433610948628
957405591393955921
923338059410456616
417560757895561226
492668154179223552
938773028429504572
709815974328664124
481828713160245259
969229026331873320
534128261945360406
911568700602220615
968105546504880138
306915922705252352
700085709754859580
844739346485346354
513759051855822849
820275379041206282
899006037066149898
951141765849682001
886200853193707571
961998469965430834
843054236643098624
943284136163045387
975839306356768788
943990796129042432
180673052038791169
938515137936109628
836163456671416340
945823299294863440
938173863559311361
921000802863165491
921763073818263632
914436242467352647
938191302791684158
860420979972505601
934574601512579122
985695144307220481
826715594254057543
889067143633707039
936980357843148810
883883729758584872
926608906787102741
897112426368073758
842297649201152021
929182908814610442
861341145871024139
948896976626393148
529276841098477569
888905166202503238
965310255267459082
956690637900636220
888698125416558623
843936615670743071
867547534347206716
263569856312508417
942206970566443078
708997006189658113
950286999028396032
830951586158215198
918926241317404792
918570290743758859
918565438370250793
918682371140747325
753689122778120373
769241280122716220
865653225570697217
943538954160996354
623172972626313216
814634739222052907
951300937379614810
847821095611662367
896343401446916116
799678165353365504
965037342417117256
964996578123317289
983851964343402536
775407680637501462
319623501205995521
897937092749983775
911341877905727488
944230484790104124
846753104992010290
888098390292983848
943120922330685480
238057762687418368
171758231490789388
882452300294131744
888039902627901502
764609497611239456
809135259639349269
809790163047153685
206073926026002432
901991766008401921
902869156691582977
641615088842965004
304873958996705280
741716783584510059
885112186895204383
909425552031645786
913210208321409095
691558194048270427
806357727956959252
831991715602759711
583283377613045770
920707099015675935
827014420210122783
983785434461110354
968463203011035156
663881329741398051
968458918533668944
303558211624108032
978383611566886914
953344492482736178
953521126133346326
947409670954438686
982177949673484319
918836480724586526
608636549051187200
949776200996356146
837454935372988437
808612819619938314
826761466791198721
931497302890283018
946333078178123786
951140119971237888
925877512066699295
948239816372404294
431815193790513152
900334961066917918
754385406702911568
837611613380149258
840356292144791593
910370595005411390
905552689184792587
402735564601950221
884319990734532630
405775621210505226
826042819171844097
950987770086715484
927246626031026237
776189321677373460
804956944115695656
773934160489611284
281633695356551169
366632295714783232
892482508166418432
885073516234440724
137229002090872832
944199123819704361
831913734754271323
978083013600612372
843882694458998815
797921714334859264
896421997393891338
900049548754436236
951022041593704488
835051076192698388
840547305333063741
730863044237983865
951891392907591710
888432118500323379
962973304136810516
947950657527230524
951647486299218030
745699901173923850
957974163891572737
800594585075580989
843729830603259915
684089962836000906
907298542845046854
906568535294238802
813695987671105577
910262567736311849
567494888422375425
280787380284162049
797467152206004266
841961785493291018
886118471732183040
849355167278825472
862310044451733504
919163533197975553
761360618967924746
945482630298738750
936414468345315418
931187088525762640
878616368524709888
880520187097534474
905137476094545990
938019664943013929
902172859462451220
951573683388964946
880357866928758814
960886514022232094
883224282287706152
347714074907377664
841829311572475924
950789931603746866
939813083327660042
239836415683198979
919002083242434570
945027818511814657
417910742642065409
946397725178609694
959780507367919668
870766846134075472
917359978233360404
827185842375491586
906509631294160908
905754772454379530
404038069059190794
950288744223735819
920291478037758023
932204677695701032
790406130798821376
414797864007368712
